29
0
36
11
16
15
31
6
29
35
4
12
14
-10
19
46
13
-19
-9
28
-12
45
43
20
23
39
-4
7
-13
41
4
-16
2
20
27
-7
40
46
27
-4
-15
38
-4
4
37
3
33
11
-3
17
34
-5
43
35
8
36
30
49
40
-11
-11
21
35
33
22
0
31
-19
38
-15
0
7
50
-18
14
-17
39
35
27
6
11
-10
38
26
-15
32
-9
-17
9
4
25
0
24
-2
38
5
22
-4
-12
19
-11
24
5
20
-11
-11
35
2
0
-1
46
8
50
33
34
11
12
32
-18
4
-12
43
-11
8
-5
9
49
42
10
-11
-8
49
41
19
13
48
37
35
47
5
-1
28
33
34
40
36
38
1
-19
48
32
-7
34
6
3
-11
49
23
46
-17
31
35
42
2
-16
-4
22
9
33
32
-11
15
-7
20
43
12
6
5
15
34
-15
-12
12
35
34
9
43
21
30
-17
10
34
23
9
48
37
10
47
-13
-18
7
-11
-2
13
21
30
-7
41
22
48
4
-14
-12
41
3
-18
44
23
5
41
5
10
-11
-18
9
0
30
-3
-15
-12
18
25
30
38
-16
29
31
29
32
-16
41
17
20
3
28
16
-4
28
13
-12
-16
17
-10
39
-8
-19
14
20
25
11
29
33
28
-6
15
-2
15
11
29
7
20
3
-4
31
-1
11
-8
-9
42
6
-18
37
-10
38
36
23
49
48
2
19
34
-14
-16
-7
-14
1
11
33
11
40
26
8
19
3
-6
36
11
7
-8
50
11
46
4
27
15
42
-9
3
-10
28
34
-17
50
17
39
33
38
25
0
-9
25
37
48
34
42
33
19
17
7
27
15
-38
-25
2
-15
-302
75
216
64
-87
4
8